25
5 63
2 3 1 3 4
2 0
1 0
3 1 4
4 3 2 4 3
2 2 2 1
4 2 1 3
1 0
3 2 1 1
4 1 1
2 0
2 1 3
4 2 1 1
2 1 2
3 3 1 4 3
1 1 3
2 2 4 2
4 1 3
2 3 2 1 1
4 0
2 2 3 2
3 1 4
4 1 4
1 1 2
1 2 3 3
1 1 2
3 2 3 3
4 1 3
3 0
4 0
1 1 4
1 2 1 3
1 0
1 2 1 3
3 3 2 3 4
4 1 4
2 1 2
2 0
4 1 1
1 3 3 3 3
1 1 1
1 1 2
2 2 1 4
4 2 2 3
3 2 1 4
4 1 3
4 3 2 4 3
4 1 1
4 0
1 0
3 3 3 2 2
1 0
4 5 4 2 3 2 1
3 0
1 1 1
4 1 3
3 0
3 2 1 4
3 1 4
2 2 4 3
2 3 1 1 2
3 0
2 5 2 4 1 1 3
3 0
1 84
1
1 4 1 1 1 1
1 4 1 1 1 1
1 0
1 1 1
1 0
1 4 1 1 1 1
1 0
1 1 1
1 0
1 1 1
1 1 1
1 0
1 0
1 0
1 5 1 1 1 1 1
1 5 1 1 1 1 1
1 2 1 1
1 1 1
1 0
1 3 1 1 1
1 0
1 1 1
1 0
1 0
1 0
1 0
1 0
1 0
1 4 1 1 1 1
1 4 1 1 1 1
1 0
1 0
1 0
1 1 1
1 0
1 0
1 1 1
1 4 1 1 1 1
1 0
1 4 1 1 1 1
1 0
1 0
1 0
1 4 1 1 1 1
1 0
1 0
1 0
1 1 1
1 0
1 0
1 0
1 0
1 0
1 1 1
1 0
1 0
1 1 1
1 0
1 4 1 1 1 1
1 1 1
1 0
1 0
1 1 1
1 0
1 0
1 4 1 1 1 1
1 0
1 0
1 0
1 4 1 1 1 1
1 0
1 4 1 1 1 1
1 1 1
1 0
1 1 1
1 1 1
1 0
1 0
1 4 1 1 1 1
1 1 1
1 0
1 0
1 0
1 0
158 200
6 15 3 13 11 5 12 4 15 20 16 12 14 13 20 1 9 13 14 17 2 2 17 7 14 15 10 18 12 19 17 9 5 11 2 7 15 5 3 1 4 10 5 10 2 16 10 10 20 15 7 1 8 15 20 1 9 9 10 20 19 18 8 16 8 1 2 15 17 16 7 13 6 3 2 7 11 3 17 10 17 15 3 4 9 14 16 9 2 5 20 13 15 19 8 14 20 9 20 8 17 19 20 2 1 1 8 3 3 16 5 11 10 19 14 10 12 1 18 5 18 17 17 12 16 16 5 7 17 5 14 13 3 14 14 15 6 1 18 1 9 14 11 18 12 17 20 3 17 17 7 14 6 16 17 13 11 2
19 0
7 3 2 18 12
18 0
4 1 8
11 2 17 9
20 3 11 11 17
9 1 20
4 1 1
6 0
15 4 20 4 11 4
17 3 12 14 12
15 0
15 0
5 2 6 12
8 3 15 9 18
17 0
14 0
19 2 11 2
13 1 3
13 0
1 2 7 9
2 1 2
2 1 4
20 1 12
7 3 7 11 6
19 0
7 2 16 19
4 2 4 20
11 1 8
17 2 9 6
5 0
1 2 7 17
16 4 1 1 10 19
2 1 15
16 0
6 1 1
13 1 4
5 0
2 1 19
10 1 8
19 0
18 0
5 2 2 9
5 0
14 2 17 1
12 1 4
1 1 10
7 0
11 2 20 18
6 0
20 2 12 12
3 1 12
7 1 3
13 1 2
14 0
13 4 5 19 5 7
11 2 5 3
20 1 9
8 1 2
13 1 11
9 0
12 1 15
5 1 5
16 3 7 7 8
5 1 1
20 2 13 18
1 1 9
9 0
16 1 10
14 1 20
19 2 18 14
14 2 13 13
11 1 4
15 0
10 2 12 4
4 0
6 3 14 17 12
11 0
3 0
8 1 12
8 0
14 1 14
11 1 8
6 2 16 14
6 3 6 20 10
16 1 12
18 3 3 5 2
8 2 16 1
16 1 7
18 2 16 12
12 0
4 2 2 13
9 1 18
16 2 18 9
19 2 5 8
6 3 17 6 14
7 1 14
11 0
6 1 15
3 1 13
5 0
4 3 10 16 11
8 1 12
7 4 17 13 9 12
18 0
18 1 15
3 1 14
16 2 1 19
20 2 1 2
5 2 14 5
3 1 9
7 0
18 0
5 2 10 13
12 2 10 7
15 1 18
1 0
1 1 1
2 1 20
8 0
10 0
5 1 5
11 2 8 16
11 1 15
20 0
1 0
16 3 10 5 10
6 0
3 2 20 20
1 0
8 2 19 16
7 0
17 0
8 1 8
6 1 3
6 0
5 1 12
20 1 9
13 0
16 0
4 0
16 2 16 2
14 1 5
13 1 9
12 0
17 3 17 9 20
19 0
4 1 12
9 0
12 0
11 0
19 2 17 8
16 3 19 2 10
13 1 10
9 1 14
15 0
5 0
4 1 14
12 2 10 10
8 2 8 13
16 1 1
12 0
6 2 2 7
4 2 15 6
19 4 3 10 9 19
11 2 1 1
2 1 20
15 0
10 1 7
14 0
10 3 20 6 15
5 0
1 1 12
15 1 11
9 2 5 19
13 2 17 10
11 1 5
7 0
16 2 3 15
19 0
18 2 1 13
19 0
17 3 2 3 8
13 0
11 0
5 0
19 1 3
16 3 6 14 14
20 1 4
11 0
15 2 10 10
8 1 8
14 1 12
20 1 2
3 3 3 9 10
12 4 2 4 18 8
3 0
4 1 20
18 1 9
12 0
1 200
8
1 3 7 10 2
5 1 10
1 1 6
5 3 2 8 9
6 2 5 9
5 1 9
4 1 7
5 2 7 3
1 1 9
8 1 6
9 1 9
1 3 9 7 8
4 2 2 7
10 1 6
7 2 4 9
5 0
7 2 2 9
9 1 5
6 3 10 9 2
10 1 2
5 1 2
7 2 1 10
4 2 2 7
8 5 5 9 7 3 5
8 1 4
5 2 2 9
9 3 7 1 2
2 2 10 3
9 1 9
9 1 5
1 2 1 10
9 0
3 2 10 8
1 1 4
5 1 4
10 0
5 1 7
10 1 1
4 1 3
5 2 6 3
7 3 9 4 3
4 0
7 1 2
2 1 6
5 2 1 4
3 0
6 2 5 2
4 0
4 1 2
3 1 10
3 2 5 4
8 5 4 7 7 9 10
10 1 7
6 0
7 1 10
9 0
10 2 7 5
8 1 1
2 2 7 8
10 0
8 0
2 0
10 2 2 8
2 0
4 4 2 10 3 2
6 2 3 8
1 2 1 10
10 1 9
5 0
6 1 9
7 1 4
2 0
10 1 7
3 2 9 2
3 1 2
6 2 9 6
8 0
1 0
9 2 10 9
1 1 6
3 0
3 2 1 5
10 2 1 8
2 1 8
1 1 10
7 1 2
3 1 2
2 1 2
6 0
4 1 6
2 2 9 10
3 3 3 7 3
8 3 9 8 4
3 1 1
4 2 5 2
1 1 1
9 0
4 1 1
3 3 6 2 2
3 1 9
1 1 9
9 1 8
6 2 7 7
2 1 3
1 1 4
1 1 9
8 0
10 0
1 0
8 2 4 10
10 0
3 2 9 10
3 2 10 4
2 2 9 8
7 1 9
3 2 6 4
10 1 4
9 2 3 1
4 0
5 2 1 5
2 0
5 1 4
7 2 4 9
9 5 5 8 8 8 1
10 3 9 9 2
2 2 5 9
2 3 6 7 1
8 1 7
7 0
4 1 8
2 2 10 2
7 1 6
2 0
8 3 3 9 4
9 0
4 1 10
8 1 1
8 0
6 2 1 4
8 2 5 9
5 1 10
7 1 7
10 1 9
7 0
8 0
8 1 10
1 3 1 9 5
7 2 4 3
6 0
5 0
1 4 2 7 8 4
10 1 9
1 2 7 2
9 1 10
8 2 2 8
10 1 6
10 0
1 4 5 3 7 2
9 3 1 7 5
6 3 9 2 8
4 0
1 3 2 8 8
3 1 7
7 3 1 2 6
8 2 8 6
3 1 1
3 1 10
5 3 6 4 4
10 2 2 7
8 2 1 6
4 2 3 9
6 4 4 10 2 5
4 2 7 9
5 0
5 2 10 3
2 2 6 7
3 2 2 1
5 7 10 3 10 1 8 1 9
10 1 3
8 3 8 8 7
9 1 6
1 0
7 2 3 9
10 2 2 1
1 3 3 7 7
7 3 1 7 3
1 5 4 1 3 7 9
1 3 6 4 7
7 0
10 1 5
8 1 5
3 0
10 0
2 1 1
9 2 3 6
7 0
4 1 1
1 2 9 8
3 1 9
5 1 10
1 200
200
200 1 200
200 1 200
200 1 200
200 1 200
200 1 200
200 1 200
200 1 200
200 1 200
200 1 200
200 1 200
200 1 200
200 1 200
200 1 200
200 1 200
200 1 200
200 1 200
200 1 200
200 1 200
200 1 200
200 1 200
200 1 200
200 1 200
200 1 200
200 1 200
200 1 200
200 1 200
200 1 200
200 1 200
200 1 200
200 1 200
200 1 200
200 1 200
200 1 200
200 1 200
200 1 200
200 1 200
200 1 200
200 1 200
200 1 200
200 1 200
200 1 200
200 1 200
200 1 200
200 1 200
200 0
200 1 200
200 1 200
200 1 200
200 1 200
200 1 200
200 1 200
200 1 200
200 1 200
200 1 200
200 1 200
200 1 200
200 1 200
200 1 200
200 1 200
200 1 200
200 1 200
200 1 200
200 1 200
200 1 200
200 1 200
200 1 200
200 1 200
200 1 200
200 1 200
200 1 200
200 1 200
200 1 200
200 1 200
200 1 200
200 1 200
200 1 200
200 1 200
200 1 200
200 1 200
200 1 200
200 1 200
200 1 200
200 1 200
200 1 200
200 1 200
200 1 200
200 1 200
200 1 200
200 1 200
200 1 200
200 1 200
200 1 200
200 1 200
200 1 200
200 1 200
200 1 200
200 1 200
200 1 200
200 1 200
200 1 200
200 1 200
200 1 200
200 1 200
200 1 200
200 1 200
200 1 200
200 1 200
200 1 200
200 1 200
200 1 200
200 1 200
200 1 200
200 1 200
200 1 200
200 1 200
200 1 200
200 1 200
200 1 200
200 1 200
200 1 200
200 1 200
200 1 200
200 1 200
200 1 200
200 1 200
200 1 200
200 1 200
200 1 200
200 1 200
200 1 200
200 1 200
200 1 200
200 1 200
200 1 200
200 1 200
200 1 200
200 1 200
200 1 200
200 1 200
200 1 200
200 2 200 200
200 1 200
200 1 200
200 1 200
200 1 200
200 1 200
200 1 200
200 1 200
200 1 200
200 1 200
200 1 200
200 1 200
200 1 200
200 1 200
200 1 200
200 1 200
200 1 200
200 1 200
200 1 200
200 1 200
200 1 200
200 1 200
200 1 200
200 1 200
200 1 200
200 1 200
200 1 200
200 1 200
200 1 200
200 1 200
200 1 200
200 1 200
200 1 200
200 1 200
200 1 200
200 1 200
200 1 200
200 1 200
200 1 200
200 1 200
200 1 200
200 1 200
200 1 200
200 1 200
200 1 200
200 1 200
200 1 200
200 1 200
200 1 200
200 1 200
200 1 200
200 1 200
200 1 200
200 1 200
200 1 200
200 1 200
200 1 200
200 1 200
200 1 200
200 1 200
10 50
11 12 13 7 7 9 2 13 4 7
6 1 9
5 5 9 9 12 2 8
11 3 3 5 10
4 0
10 3 13 2 13
12 1 8
5 1 7
6 4 13 3 5 5
8 1 2
6 1 11
5 2 11 7
8 1 6
9 3 11 6 5
10 1 6
9 2 4 1
3 0
11 2 6 9
11 1 2
3 0
5 3 4 6 7
13 0
1 2 7 11
5 3 4 2 4
1 2 6 7
9 1 2
12 4 9 3 7 10
9 0
10 2 8 13
13 2 10 1
1 1 13
3 2 12 1
5 2 5 7
6 1 2
13 3 11 11 10
11 2 4 13
4 1 5
1 3 5 13 13
2 3 3 4 4
11 0
10 2 12 8
7 1 6
2 3 7 5 7
6 2 11 6
4 0
13 1 4
1 3 9 7 12
6 5 11 10 2 12 12
10 1 1
11 0
9 3 13 6 11
1 200
71
20 1 20
40 1 102
32 1 93
43 1 5
101 1 121
109 1 109
11 1 11
103 1 103
76 1 64
28 1 99
120 1 120
89 1 56
105 1 19
1 1 44
114 1 114
68 1 24
63 1 63
3 1 89
133 1 133
104 1 104
49 1 122
73 1 73
71 1 69
18 1 18
36 1 36
16 1 20
127 1 127
15 1 117
84 1 129
66 1 45
72 1 45
51 1 43
114 1 102
43 1 88
5 1 10
106 1 130
80 1 29
110 1 106
50 1 37
17 1 70
39 1 38
54 1 51
46 1 46
102 1 70
50 1 50
49 1 113
22 1 65
64 1 64
39 1 65
106 1 110
66 1 11
41 1 74
127 1 130
83 1 132
84 1 37
86 1 86
77 1 77
93 1 32
60 1 60
52 1 52
44 1 1
121 1 101
99 1 28
57 1 36
118 1 101
3 1 109
105 1 77
119 1 100
24 1 24
82 1 78
113 1 113
118 1 126
110 1 110
83 1 125
89 1 53
38 1 39
45 1 8
40 1 104
68 1 106
102 1 114
126 1 126
60 1 111
47 1 74
111 1 78
80 1 108
18 1 8
41 1 116
72 1 72
12 1 132
130 1 127
16 1 59
121 1 121
19 1 33
103 1 95
125 1 125
100 1 100
51 1 54
33 1 33
12 1 12
38 1 38
10 1 10
96 1 117
17 1 17
8 1 18
115 1 63
8 1 41
112 1 112
59 1 79
96 1 2
120 1 56
129 1 84
100 1 119
2 1 2
69 1 85
78 1 82
85 1 32
63 1 115
126 1 118
56 1 134
25 1 133
21 1 16
24 1 68
95 1 103
95 1 115
116 1 116
85 1 52
133 1 25
108 1 76
88 1 43
82 1 82
104 1 40
21 1 112
56 1 120
130 1 95
36 1 57
37 1 80
129 1 129
29 1 29
59 1 49
37 1 50
19 1 66
64 1 76
108 1 34
10 1 5
125 1 83
52 1 85
65 1 22
46 1 134
111 1 60
71 1 73
54 1 54
70 1 17
22 1 22
76 1 68
28 1 28
77 1 105
86 1 69
20 1 16
25 1 99
69 1 86
112 1 21
15 1 15
101 1 83
73 1 71
117 1 119
115 1 51
109 1 3
1 1 1
70 1 21
117 1 15
47 1 47
32 1 25
119 1 39
78 1 96
93 1 93
99 1 57
33 1 19
45 1 72
34 1 34
88 1 88
116 1 41
132 1 12
44 1 40
57 1 118
2 1 96
79 1 79
79 1 59
11 1 66
53 1 89
113 1 49
132 1 105
53 1 53
134 1 84
74 1 3
65 1 44
74 1 47
34 1 108
29 1 80
5 1 111
134 1 46
1 200
11
20 0
18 0
12 1 16
7 1 12
4 0
4 0
4 2 10 2
22 0
9 4 19 12 6 21
15 5 6 21 8 3 20
9 2 8 2
2 3 12 9 11
7 2 13 8
7 0
7 1 22
4 3 18 11 22
20 1 17
18 0
19 1 6
11 2 21 17
18 2 20 12
17 3 9 17 20
11 4 3 19 15 21
12 2 9 17
4 0
18 4 8 5 5 10
2 2 19 20
2 3 11 3 9
4 3 7 5 6
17 1 2
11 0
2 4 17 4 11 16
10 3 6 10 18
22 1 6
8 4 9 4 13 9
14 2 16 4
1 1 15
9 0
11 1 1
10 3 5 1 17
1 2 22 17
20 2 4 15
11 2 15 14
7 2 16 20
4 3 1 20 10
15 0
10 1 19
22 3 19 10 13
9 2 9 3
4 0
8 3 14 20 2
4 0
20 1 3
19 2 17 3
14 1 6
22 1 10
12 0
15 2 7 14
21 3 5 20 7
16 1 16
7 3 18 21 10
9 2 18 8
17 3 15 21 5
17 5 5 4 19 17 5
7 3 19 2 15
22 3 19 15 7
6 2 2 3
7 0
8 3 2 7 3
16 0
14 6 14 18 11 8 11 6
6 2 11 3
11 6 10 12 6 18 11 21
22 6 18 16 5 15 8 22
12 2 6 22
13 0
13 3 22 12 12
19 3 1 19 4
10 3 18 1 16
21 1 10
22 0
17 4 19 1 22 2
2 1 13
17 2 10 9
11 1 20
15 3 21 3 5
14 3 22 9 18
1 1 6
6 1 6
13 3 18 3 19
16 4 12 18 9 6
12 2 4 16
21 1 12
8 3 22 10 14
6 3 8 22 1
5 2 19 5
7 1 8
9 1 9
10 2 11 2
12 1 19
1 1 15
1 1 6
17 0
11 2 1 21
1 4 18 11 22 4
4 6 13 22 20 11 17 16
1 1 19
11 2 6 14
22 0
8 1 4
9 3 9 18 7
19 3 10 7 11
3 2 6 6
10 2 2 7
11 1 13
11 1 19
1 0
3 2 18 4
11 1 9
6 2 16 13
13 0
2 3 18 22 1
17 0
9 1 20
7 2 4 17
21 3 9 13 6
14 2 8 12
11 0
5 4 4 10 20 11
21 1 10
20 1 7
5 2 19 4
21 0
14 1 21
14 2 21 8
19 3 21 4 12
15 3 17 22 13
14 3 22 6 20
7 3 15 1 20
14 0
22 4 20 12 21 18
13 8 1 11 13 8 10 16 19 17
8 3 14 13 1
22 3 10 9 7
21 0
19 3 8 4 5
10 1 20
21 3 17 6 2
19 0
19 2 1 3
2 1 2
9 2 3 20
18 3 19 21 21
18 2 16 2
17 4 21 22 2 16
1 3 2 22 21
14 1 7
6 5 20 9 8 17 20
11 1 21
19 4 4 8 3 1
2 0
9 2 15 2
21 5 11 16 9 15 17
1 1 10
20 0
12 2 12 15
17 2 11 22
13 2 8 7
2 1 10
22 3 16 19 22
2 2 11 3
21 2 15 19
12 1 22
8 1 16
20 2 8 21
10 2 16 14
2 3 12 22 12
5 2 2 13
8 4 18 14 10 16
18 1 9
21 2 3 19
7 2 4 4
4 1 21
15 2 4 18
3 1 13
18 1 6
15 1 15
14 6 2 11 1 17 17 21
22 3 1 2 10
3 4 13 4 6 19
8 0
1 3 17 10 10
9 1 16
7 1 7
21 1 14
5 2 11 19
18 2 3 6
14 5 6 15 4 14 18
15 0
17 1 14
5 200
18 16 19 19 4
3 1 6
22 2 3 23
4 1 16
15 0
4 1 13
15 0
7 0
11 2 20 8
22 0
13 3 17 21 22
11 2 7 16
15 0
3 0
3 1 4
17 3 16 22 10
22 1 17
1 1 11
14 2 11 3
12 0
23 2 11 13
3 0
10 0
2 1 17
7 0
19 0
5 3 7 19 8
8 0
10 0
13 0
7 1 7
4 0
10 1 5
5 2 5 6
1 2 9 22
1 1 5
2 1 2
16 1 19
1 0
6 1 23
8 1 20
14 0
16 1 15
16 3 3 7 8
10 2 16 6
18 1 1
9 1 18
8 1 15
13 0
16 2 6 12
20 3 6 5 21
12 0
18 1 2
6 1 3
7 1 23
1 1 14
18 0
12 2 15 13
8 1 1
4 1 10
18 0
8 1 16
2 1 18
4 0
6 2 17 23
19 2 18 18
21 1 10
1 0
11 0
16 0
7 1 23
12 0
6 1 18
16 1 13
5 0
15 0
5 1 17
7 2 18 3
22 0
17 2 5 21
23 1 3
12 2 7 17
22 2 12 23
11 1 2
17 3 6 20 13
6 1 21
12 0
5 1 13
11 0
13 0
3 0
22 0
15 2 22 16
4 2 7 9
3 2 17 7
20 0
22 0
17 2 1 21
21 2 5 2
4 2 22 9
9 3 6 16 5
21 2 1 2
9 0
8 0
7 1 21
7 0
16 1 14
11 2 11 5
8 1 12
15 0
21 0
1 0
20 1 5
14 3 9 21 1
11 0
8 2 20 23
13 1 22
22 1 4
12 1 8
23 0
6 3 23 17 15
14 2 18 11
15 0
20 0
11 1 14
11 2 13 10
10 0
4 1 13
5 2 18 17
1 0
1 1 5
7 0
15 1 21
9 1 6
15 1 12
22 0
10 2 11 16
7 0
9 0
17 0
15 2 23 1
1 0
17 2 20 2
12 0
14 0
4 1 19
19 1 22
3 1 5
20 1 11
1 2 18 12
19 0
2 0
15 4 12 11 19 17
10 1 19
15 0
19 0
15 0
1 1 16
22 1 4
19 2 8 8
2 0
22 0
2 0
16 2 1 11
2 0
10 0
8 2 4 2
11 1 18
17 3 13 16 22
11 0
4 2 21 23
2 2 19 19
11 0
14 0
7 1 1
18 0
17 2 20 1
2 1 9
14 1 6
13 2 17 4
3 1 23
9 0
8 2 19 13
11 2 2 18
12 3 14 4 21
22 1 21
6 1 18
3 0
17 0
22 0
15 1 15
12 1 1
14 0
11 1 17
21 1 11
15 3 20 14 1
20 2 7 14
6 1 6
19 0
7 4 16 2 4 17
16 0
400 200
5 5 5 5 5 5 5 5 5 5 5 5 5 5 5 5 5 5 5 5 5 5 5 5 5 5 5 5 5 5 5 5 5 5 5 5 5 5 5 5 5 5 5 5 5 5 5 5 5 5 5 5 5 5 5 5 5 5 5 5 5 5 5 5 5 5 5 5 5 5 5 5 5 5 5 5 5 5 5 5 5 5 5 5 5 5 5 5 5 5 5 5 5 5 5 5 5 5 5 5 5 5 5 5 5 5 5 5 5 5 5 5 5 5 5 5 5 5 5 5 5 5 5 5 5 5 5 5 5 5 5 5 5 5 5 5 5 5 5 5 5 5 5 5 5 5 5 5 5 5 5 5 5 5 5 5 5 5 5 5 5 5 5 5 5 5 5 5 5 5 5 5 5 5 5 5 5 5 5 5 5 5 5 5 5 5 5 5 5 5 5 5 5 5 5 5 5 5 5 5 5 5 5 5 5 5 5 5 5 5 5 5 5 5 5 5 5 5 5 5 5 5 5 5 5 5 5 5 5 5 5 5 5 5 5 5 5 5 5 5 5 5 5 5 5 5 5 5 5 5 5 5 5 5 5 5 5 5 5 5 5 5 5 5 5 5 5 5 5 5 5 5 5 5 5 5 5 5 5 5 5 5 5 5 5 5 5 5 5 5 5 5 5 5 5 5 5 5 5 5 5 5 5 5 5 5 5 5 5 5 5 5 5 5 5 5 5 5 5 5 5 5 5 5 5 5 5 5 5 5 5 5 5 5 5 5 5 5 5 5 5 5 5 5 5 5 5 5 5 5 5 5 5 5 5 5 5 5 5 5 5 5 5 5 5 5 5 5 5 5 5 5 5 5 5 5 5 5 5 5 5 5 5 5 5 5 5 5 5 5 5 5 5 5 5 5 5 5 5 5
5 0
5 0
5 0
5 0
5 0
5 0
5 0
5 0
5 0
5 0
5 0
5 0
5 0
5 0
5 0
5 0
5 0
5 0
5 0
5 0
5 0
5 0
5 0
5 0
5 0
5 0
5 0
5 0
5 0
5 0
5 0
5 0
5 0
5 0
5 0
5 0
5 0
5 0
5 0
5 0
5 0
5 0
5 0
5 0
5 0
5 0
5 0
5 0
5 0
5 0
5 0
5 0
5 0
5 0
5 0
5 0
5 0
5 0
5 0
5 0
5 0
5 0
5 0
5 0
5 0
5 0
5 0
5 0
5 0
5 0
5 0
5 0
5 0
5 0
5 0
5 0
5 0
5 0
5 0
5 0
5 0
5 0
5 0
5 0
5 0
5 0
5 0
5 0
5 0
5 0
5 0
5 0
5 0
5 0
5 0
5 0
5 0
5 0
5 0
5 0
5 0
5 0
5 0
5 0
5 0
5 0
5 0
5 0
5 0
5 0
5 0
5 0
5 0
5 0
5 0
5 0
5 0
5 0
5 0
5 0
5 0
5 0
5 0
5 0
5 0
5 0
5 0
5 0
5 0
5 0
5 0
5 0
5 0
5 0
5 0
5 0
5 0
5 0
5 0
5 0
5 0
5 0
5 0
5 0
5 0
5 0
5 0
5 0
5 0
5 0
5 0
5 0
5 0
5 0
5 0
5 0
5 0
5 0
5 0
5 0
5 0
5 0
5 0
5 0
5 0
5 0
5 0
5 0
5 0
5 0
5 0
5 0
5 0
5 0
5 0
5 0
5 0
5 0
5 0
5 0
5 0
5 0
5 0
5 0
5 0
5 0
5 0
5 0
5 0
5 0
5 0
5 0
5 0
5 0
5 0
5 0
5 0
5 0
5 0
5 0
1 200
73
186 1 50
136 2 49 186
89 1 136
150 1 89
137 1 150
182 1 137
108 1 182
195 1 108
96 1 195
85 1 96
55 1 85
160 1 55
142 1 160
128 1 142
110 1 128
104 1 110
158 1 104
63 1 158
118 1 63
170 1 118
23 1 170
153 1 23
12 1 153
140 1 12
159 1 140
117 1 159
45 1 117
67 1 45
121 1 67
83 1 121
43 1 83
10 1 43
60 1 10
3 1 60
120 1 3
105 1 120
115 1 105
116 1 115
151 1 116
31 1 151
101 1 31
84 1 101
148 1 84
68 1 148
113 1 68
95 1 113
56 1 95
5 1 56
169 1 5
185 1 169
79 1 185
81 1 79
88 1 81
132 1 88
125 1 132
4 1 125
152 1 4
179 1 152
80 1 179
91 1 80
124 1 91
98 2 193 124
39 1 98
154 1 39
49 1 154
30 1 49
166 1 30
70 1 166
178 1 70
42 1 178
123 1 42
197 1 123
175 1 197
102 1 175
200 1 102
111 1 200
99 1 111
35 1 99
7 1 35
138 1 7
114 2 54 138
145 1 114
122 1 145
6 1 122
44 1 6
1 1 44
11 1 1
157 1 11
58 1 157
15 1 58
106 1 15
54 1 106
133 1 54
194 1 133
51 1 194
46 1 51
190 1 46
82 1 190
163 1 82
38 1 163
191 1 38
72 1 191
193 1 72
146 1 193
27 1 146
69 1 27
65 1 69
156 1 65
164 1 156
161 1 164
66 1 161
196 1 66
147 1 196
127 1 147
21 1 127
40 1 21
34 1 40
112 1 34
126 1 112
53 1 126
180 1 53
47 1 180
92 1 47
177 1 92
90 1 177
25 1 90
24 1 25
107 1 24
174 1 107
41 1 174
119 1 41
173 1 119
50 2 52 173
26 1 50
183 1 26
129 1 183
76 1 129
32 1 76
28 1 32
14 1 28
134 1 14
198 1 134
167 1 198
144 1 167
130 1 144
135 1 130
181 1 135
29 1 181
162 1 29
8 1 162
19 1 8
9 1 19
171 1 9
131 1 171
20 1 131
94 1 20
61 1 94
64 1 61
149 1 64
192 1 149
36 1 192
59 1 36
52 1 59
189 1 52
93 1 189
188 1 93
100 1 188
62 1 100
75 1 62
17 1 75
109 1 17
103 1 109
172 1 103
168 1 172
48 1 168
199 1 48
184 1 199
176 1 184
57 1 176
97 1 57
74 1 97
165 1 74
143 1 165
71 1 143
187 1 71
37 1 187
2 1 37
77 1 2
18 1 77
22 1 18
16 1 22
155 1 16
78 1 155
13 1 78
33 1 13
87 1 33
86 1 87
141 1 86
139 1 141
73 1 139
2 200
12 9
17 1 3
5 0
16 1 9
9 3 18 8 10
2 1 7
16 2 26 2
12 2 27 7
2 3 1 17 7
3 2 30 3
22 1 6
16 1 20
10 2 27 26
8 4 24 14 9 4
1 0
11 2 23 20
1 3 27 25 2
29 4 29 11 20 10
8 3 21 9 27
6 2 24 6
15 1 16
26 1 14
30 1 12
3 3 3 18 1
18 1 12
1 1 26
17 5 1 21 28 9 18
17 2 25 8
19 3 30 6 18
8 2 1 7
9 2 29 9
23 0
24 0
13 1 30
30 2 12 25
25 2 21 28
7 5 22 11 26 7 30
15 2 13 15
6 2 25 23
8 4 16 26 17 13
9 1 24
19 0
23 1 3
18 4 11 5 6 27
26 1 22
16 5 15 7 18 12 30
29 2 29 14
18 1 16
6 2 10 24
28 2 14 20
23 0
12 4 18 17 15 1
15 2 19 10
22 0
7 0
3 4 26 14 16 26
14 1 21
23 1 18
19 0
25 1 26
30 5 7 21 18 6 1
19 5 7 28 25 23 19
9 2 5 16
16 2 22 27
2 4 6 16 15 17
8 2 24 18
10 2 3 6
8 5 15 27 4 23 26
22 4 9 22 1 5
7 1 7
7 4 12 5 26 29
22 1 18
25 1 1
21 0
2 4 29 21 19 10
13 0
28 1 8
22 4 20 9 14 23
30 3 8 14 7
25 3 12 5 1
19 1 7
15 2 5 21
7 6 28 12 22 3 7 13
3 2 30 24
28 1 24
13 1 17
27 1 29
4 1 14
5 1 12
8 1 20
20 0
27 0
26 1 16
28 3 1 29 29
12 2 16 13
27 3 21 5 24
27 1 27
13 1 13
26 3 3 20 21
18 3 6 4 14
19 1 17
2 2 1 23
1 4 8 30 13 26
5 2 16 23
15 2 1 16
2 0
17 1 15
12 1 7
23 4 28 18 27 16
9 3 17 17 24
7 3 20 25 7
3 1 21
15 3 17 14 13
5 4 17 9 26 14
6 2 21 17
12 2 16 2
9 2 25 7
24 3 19 28 23
15 3 17 28 25
5 7 26 26 27 3 12 29 14
1 2 12 1
26 2 14 27
1 2 27 4
27 3 29 9 23
23 0
4 3 6 4 22
15 3 30 4 4
19 1 16
8 1 13
3 2 10 23
28 2 30 6
26 2 26 21
26 1 12
29 3 26 26 20
23 2 19 17
10 1 14
22 0
9 1 20
14 1 21
15 4 12 26 12 13
9 1 24
20 2 17 19
9 2 3 28
23 4 28 10 2 8
16 1 6
6 1 10
27 3 18 29 4
24 3 2 3 18
30 2 28 19
3 2 5 24
28 4 8 16 14 9
30 4 24 11 27 10
29 4 13 24 11 2
21 0
18 3 18 12 25
21 1 6
24 1 27
25 1 6
2 3 5 19 19
2 6 24 22 24 23 15 17
27 0
21 1 13
19 2 19 24
22 2 7 12
11 0
3 2 8 2
24 2 2 27
3 3 29 4 7
12 1 26
7 2 23 4
9 1 14
12 2 17 18
26 0
17 1 17
27 0
11 1 8
23 2 23 30
23 2 25 21
26 1 14
22 3 26 16 24
25 2 6 6
23 2 21 24
13 1 7
15 2 15 16
13 3 23 17 22
23 2 18 17
6 2 28 22
29 0
9 2 5 14
29 4 27 1 14 11
22 1 13
5 3 6 17 10
19 2 9 10
2 2 6 23
18 1 23
22 4 15 10 25 9
5 1 19
11 0
24 4 29 13 17 20
8 2 23 15
17 0
4 123
200 148 22 193
129 4 197 48 22 137
60 6 80 11 189 14 39 129
191 1 156
100 10 103 139 30 40 164 101 86 132 81 124
140 4 50 62 107 56
173 1 4
32 3 130 18 3
58 3 79 117 23
173 3 124 7 176
124 4 172 14 68 65
97 1 151
187 2 129 27
132 3 9 90 19
47 1 20
154 6 87 123 66 105 39 191
119 3 37 102 44
12 6 103 45 177 3 104 121
116 3 65 60 135
145 2 79 62
150 6 19 121 126 29 148 164
133 4 60 141 90 51
155 4 175 2 189 31
35 1 106
32 6 88 135 97 34 38 98
31 2 181 44
138 4 85 54 173 28
165 8 39 127 44 194 66 138 109 162
112 4 104 196 173 189
60 3 128 193 75
130 4 199 121 16 179
112 7 38 46 35 123 108 149 99
140 3 170 66 76
189 2 81 48
54 2 10 108
192 4 142 87 108 128
80 3 41 101 83
27 1 67
23 3 100 52 125
138 3 191 33 121
151 2 78 44
147 4 65 75 185 199
34 0
137 5 72 109 124 183 186
78 9 11 71 146 127 151 178 174 41 140
32 7 189 148 78 52 168 124 143
42 6 58 19 70 177 130 149
148 3 35 143 11
195 2 56 155
157 3 76 32 73
92 4 169 199 183 156
144 1 54
41 1 90
198 1 181
131 4 97 20 23 108
25 1 120
181 2 152 112
20 4 193 140 116 75
189 2 197 171
92 3 129 199 147
31 1 53
70 1 162
155 3 105 164 129
170 3 63 142 109
58 1 38
9 2 67 194
161 5 45 94 118 195 141
89 2 105 13
187 0
136 2 29 32
178 2 42 102
137 2 177 84
82 4 137 7 3 16
11 2 175 143
25 2 43 1
111 3 15 167 72
195 1 61
67 0
58 4 187 167 141 72
189 6 8 26 49 176 190 60
175 0
101 4 152 101 55 182
85 3 25 141 12
16 1 167
51 4 115 116 152 53
167 4 58 131 180 117
40 3 70 97 6
31 4 196 193 128 98
186 2 8 195
180 5 57 19 11 178 162
122 6 98 63 28 41 112 60
168 3 61 79 77
49 8 71 106 94 117 152 100 29 193
29 3 119 131 135
137 5 159 96 33 127 86
58 5 58 194 15 145 53
37 2 149 69
50 5 200 47 105 45 117
146 3 140 150 130
23 2 107 103
185 5 68 52 61 110 106
124 4 155 11 129 25
159 3 157 177 95
18 6 71 186 107 27 68 127
86 2 174 29
183 4 186 190 108 107
80 2 130 58
80 5 170 131 131 70 158
1 3 152 42 44
89 3 150 125 82
21 2 128 168
128 4 146 95 193 195
189 4 43 129 67 158
57 4 191 96 179 85
143 1 116
39 3 170 100 182
23 5 86 161 51 174 96
134 1 66
69 1 62
160 1 17
113 2 188 19
143 3 164 186 104
127 3 108 52 192
113 3 47 170 79
39 127
4 2 16 2 16 11 6 16 17 10 2 14 12 9 13 16 15 11 9 9 6 9 15 5 17 12 3 9 10 7 9 4 9 7 13 15 17 1 14
17 4 4 9 15 6
2 4 16 5 7 2
6 3 16 3 6
4 4 10 5 8 7
13 1 9
14 2 17 6
8 1 17
11 2 11 9
12 5 15 16 11 14 1
9 2 14 2
10 2 15 16
11 3 13 12 12
5 2 11 2
1 3 11 16 9
8 3 14 1 16
9 3 7 5 11
8 4 9 10 9 12
11 2 11 14
11 4 11 9 5 10
16 1 11
11 1 6
9 3 1 4 16
7 2 12 11
14 4 2 4 3 14
17 2 3 4
5 1 11
1 4 13 4 3 6
14 1 14
12 1 17
9 1 4
10 3 15 11 10
2 2 17 1
10 2 12 12
7 1 12
14 2 5 17
13 5 9 12 16 9 4
3 4 5 9 9 9
4 2 2 1
14 4 3 3 16 16
5 3 16 11 2
3 0
7 0
15 5 16 6 13 15 5
7 2 10 6
7 2 3 16
14 1 6
15 0
6 3 5 1 6
15 3 4 1 17
17 4 2 5 12 5
4 1 5
8 1 9
8 0
2 2 4 14
12 1 13
7 2 11 17
6 3 16 1 14
12 6 9 17 4 17 8 2
11 0
17 5 13 4 10 2 14
4 2 12 3
12 2 14 13
2 4 6 3 13 14
4 1 11
1 2 4 9
15 2 13 3
17 4 7 13 13 16
3 2 9 5
9 2 14 11
13 4 3 16 8 17
16 3 1 1 9
11 2 14 10
10 1 13
13 1 9
8 1 15
17 2 4 14
17 0
5 2 15 1
13 1 17
14 1 2
12 2 13 8
16 1 2
12 3 6 7 5
2 2 11 5
17 2 5 11
15 0
16 0
13 2 12 17
17 4 16 15 7 12
10 0
13 3 1 17 5
11 2 7 2
12 1 2
5 2 12 3
15 2 16 12
12 3 10 5 17
10 0
14 1 6
14 3 2 10 13
9 1 12
17 0
3 3 11 4 10
10 3 7 14 9
10 2 11 3
16 4 1 17 13 1
17 0
17 1 1
6 0
4 0
12 3 15 17 5
11 2 14 8
7 0
1 2 10 8
5 1 12
16 3 9 3 3
1 1 13
10 2 12 2
15 3 13 6 5
4 0
10 2 15 12
15 0
16 1 17
3 0
9 2 3 15
11 1 7
17 4 2 2 3 12
3 4 8 2 17 9
1 200
120
68 1 42
64 1 17
59 1 131
56 1 145
108 1 100
187 1 43
96 1 119
7 1 27
167 1 114
164 1 162
57 1 149
27 1 89
145 1 38
17 1 58
12 1 94
95 1 161
3 1 124
1 1 73
191 1 40
171 1 81
165 1 72
136 1 55
169 1 151
159 1 65
154 1 134
179 1 115
78 1 116
128 1 93
49 1 54
195 1 193
72 1 122
102 1 50
82 1 51
51 1 29
45 1 139
168 1 186
55 1 187
106 1 48
132 1 160
23 1 70
28 1 157
39 1 111
103 1 133
193 1 88
161 1 130
135 1 59
30 1 91
36 1 45
93 1 108
66 1 35
35 1 12
53 1 19
54 1 85
130 1 126
4 1 125
117 1 8
65 1 67
112 1 10
81 1 127
18 1 195
150 1 197
114 1 24
92 1 176
155 1 21
86 1 188
178 1 62
142 1 135
62 1 101
197 1 1
182 1 103
138 1 25
185 1 60
15 1 33
156 1 175
177 1 5
84 1 40
80 1 9
158 1 192
190 1 26
200 1 190
157 1 66
14 1 23
98 1 83
133 1 87
90 1 31
29 1 150
119 1 146
77 1 53
87 1 194
38 1 142
37 1 109
137 1 185
76 1 69
97 1 138
122 1 3
180 1 144
105 1 170
170 1 113
73 1 14
20 1 173
40 1 30
46 1 179
115 1 13
67 1 164
146 1 158
184 1 68
129 1 57
139 1 61
43 1 182
149 1 39
143 1 104
75 1 196
194 1 47
183 1 172
188 1 11
118 1 84
162 1 191
134 1 56
41 1 118
6 1 106
163 1 97
31 1 99
153 1 129
34 1 77
111 1 64
101 1 112
116 1 46
131 1 79
47 1 183
32 1 123
13 1 117
160 1 184
127 1 128
19 1 90
8 1 147
100 1 18
91 1 34
144 1 137
126 1 171
192 1 152
175 1 4
88 1 71
60 1 96
172 1 107
89 1 16
147 1 2
152 1 121
22 1 80
189 1 74
48 1 140
25 1 143
50 1 163
26 1 165
69 1 41
120 1 95
181 1 168
109 1 153
113 1 20
166 1 110
94 1 198
148 1 132
121 1 105
21 1 75
52 1 174
70 1 78
79 1 189
174 1 180
125 1 15
9 1 159
199 1 44
11 1 102
173 1 6
5 1 49
85 1 52
176 1 156
16 1 200
107 1 177
104 1 76
44 1 36
151 1 199
10 1 166
140 1 37
198 1 7
196 1 82
42 1 92
83 1 136
71 1 181
141 1 169
99 1 98
61 1 28
74 1 141
33 1 32
63 1 22
123 1 86
24 1 154
186 1 155
110 1 148
58 1 63
2 1 167
124 1 178
1 200
2
3 0
3 1 1
4 0
5 2 3 4
3 0
1 0
2 0
1 0
3 0
3 2 2 4
4 1 3
2 1 2
4 0
4 1 4
4 1 5
2 1 4
5 1 1
2 0
3 0
1 2 5 5
5 0
2 0
1 1 2
4 0
2 2 3 1
3 0
3 1 5
2 1 4
1 0
5 0
5 1 4
5 2 2 2
4 2 3 1
3 2 1 2
4 0
1 3 3 1 3
5 3 3 5 3
2 1 4
2 3 2 2 4
4 2 5 3
1 2 4 5
5 1 3
2 0
4 3 3 3 3
5 0
5 2 2 4
1 2 3 1
5 0
3 0
3 0
5 1 1
5 3 4 5 3
1 1 4
2 0
5 1 2
3 3 4 1 5
1 0
2 1 3
1 0
1 2 2 5
1 1 2
3 2 1 2
3 2 5 4
5 4 5 1 5 5
2 3 3 5 4
3 3 5 4 2
2 3 4 3 2
2 2 4 4
5 2 3 2
3 1 1
2 2 5 4
5 0
4 0
4 1 1
4 0
1 1 2
3 0
1 0
5 1 1
3 2 3 5
5 2 3 1
4 4 5 4 4 4
2 4 1 2 3 4
2 0
2 2 2 2
1 2 4 2
1 3 1 1 2
4 1 1
3 2 4 3
2 2 5 4
5 0
5 2 3 1
1 1 3
4 0
4 0
2 1 1
1 1 1
1 1 5
5 0
5 0
5 1 4
2 1 5
2 1 2
1 2 5 5
5 0
2 0
1 2 1 1
4 1 3
2 5 5 5 5 5 3
5 0
1 1 1
3 2 5 3
5 0
4 1 1
4 1 1
3 5 4 5 3 1 5
2 2 5 1
5 0
1 2 2 3
1 1 2
3 1 2
2 2 5 1
5 1 3
3 3 2 4 5
5 1 1
4 0
4 0
1 0
1 1 2
4 2 3 4
2 3 2 1 5
5 1 2
2 3 3 5 2
5 0
2 0
1 2 3 2
1 2 4 2
2 2 4 1
1 0
4 1 3
3 4 2 1 5 2
4 2 2 1
1 1 1
2 1 2
2 1 5
5 0
4 0
5 1 5
1 2 4 4
2 1 2
5 4 2 1 2 4
3 0
3 0
2 2 4 3
5 1 1
5 0
2 1 4
5 0
2 1 2
2 1 2
5 3 2 3 2
3 2 5 1
3 0
1 0
5 2 1 4
5 1 1
3 2 1 2
5 0
1 2 4 3
4 4 1 2 5 5
4 1 1
4 2 3 3
2 0
1 1 3
2 2 1 1
5 0
5 1 2
3 3 2 5 4
2 2 1 1
2 2 3 5
1 0
3 1 1
4 0
3 1 2
4 0
5 1 4
4 0
5 1 3
2 2 5 4
5 1 2
3 1 5
1 0
5 3 3 3 1
1 1 3
4 0
4 3 2 1 2
2 3 4 3 4
1 4 4 1 5 4
3 1 4
4 1 5
2 107
2 1
4 1 5
4 2 1 1
4 2 1 2
1 1 1
4 0
1 1 5
2 1 1
1 3 5 5 4
5 0
5 0
1 1 2
3 2 5 3
3 3 3 5 4
5 2 5 3
2 0
3 0
5 0
4 1 2
1 1 4
1 4 5 4 3 2
1 3 3 5 3
3 3 2 2 1
4 1 3
4 0
5 1 5
4 3 3 5 2
4 3 3 3 5
4 1 4
2 2 1 1
5 0
2 4 1 3 2 3
5 1 5
5 0
3 3 2 2 3
3 1 1
3 0
3 0
4 3 2 5 4
1 2 1 3
2 1 3
5 2 5 5
1 1 3
1 3 3 2 3
4 1 5
3 2 4 4
2 0
2 1 4
4 0
3 2 2 5
4 0
4 2 2 5
5 0
1 1 4
4 0
3 2 5 2
3 3 4 4 5
4 2 5 1
3 1 3
1 2 5 5
1 0
2 3 4 5 4
5 2 3 5
5 5 2 3 4 4 5
1 2 5 3
2 1 2
2 1 5
4 2 4 3
4 2 4 3
2 0
1 3 2 3 5
3 0
3 2 5 1
1 2 4 1
5 3 1 4 3
2 1 5
3 1 2
4 2 4 5
3 2 3 3
1 0
1 1 4
1 3 2 3 1
1 2 2 5
2 2 4 1
3 0
2 2 1 4
4 0
5 1 3
5 0
1 0
3 3 5 3 2
2 1 4
4 3 2 2 5
2 1 2
4 1 3
4 0
3 4 3 4 4 4
2 1 5
4 0
3 2 2 4
4 4 1 3 5 1
4 1 4
5 1 3
3 2 4 4
2 2 1 3
2 2 2 2
4 2 3 4
1 2 3 4
1 199
48
48 1 110
99 0
100 2 110 47
57 0
35 1 50
63 1 110
97 2 50 78
71 1 98
1 2 56 50
20 1 110
4 1 98
105 0
3 0
34 0
96 0
101 1 47
30 0
72 0
11 2 45 78
80 1 98
27 0
69 3 16 82 82
77 1 78
59 1 56
36 1 66
95 1 47
40 0
9 2 98 50
49 2 56 44
33 2 44 82
10 1 45
38 1 50
76 1 44
18 4 66 47 90 66
54 3 50 44 16
103 1 78
74 2 16 50
15 4 47 110 45 78
31 1 50
92 1 98
58 0
91 3 66 45 51
7 3 110 98 56
52 2 78 50
111 3 44 51 51
43 1 47
17 1 66
29 1 110
26 0
43 2 17 13
48 4 99 86 51 51
22 4 95 90 45 50
65 2 40 56
33 4 10 39 16 56
110 1 82
56 2 45 66
16 2 78 56
39 4 33 98 50 51
21 1 1
82 1 45
104 1 101
73 2 18 47
56 1 82
108 2 80 90
90 1 78
7 2 52 60
110 0
93 1 71
70 3 99 110 98
86 3 48 51 98
47 1 47
28 1 34
77 5 59 41 78 56 78
16 0
44 1 66
4 3 105 42 82
96 3 101 61 47
8 1 36
82 4 44 50 82 98
78 0
100 2 57 64
110 1 56
36 2 95 8
89 2 52 47
29 2 26 23
47 3 47 98 66
41 1 77
51 1 98
44 1 45
51 1 90
88 1 3
13 5 43 50 90 16 56
47 1 98
34 2 96 28
85 2 54 16
27 2 69 107
26 2 79 16
10 4 38 67 47 50
106 2 38 78
60 6 7 56 47 16 51 16
37 2 20 110
54 3 103 85 90
84 1 17
15 2 31 12
90 1 82
90 1 44
47 1 44
75 2 91 51
46 2 103 66
110 2 90 82
72 2 11 81
25 1 92
20 3 4 37 50
103 3 74 46 98
11 2 80 19
24 3 97 90 16
61 5 96 50 16 82 47
52 2 111 89
55 3 74 44 82
91 3 7 75 90
69 2 77 87
79 1 26
97 4 71 24 47 50
31 3 92 83 90
68 1 58
64 3 100 45 47
53 2 76 82
50 0
44 1 98
99 3 100 70 82
66 0
56 2 90 98
18 2 54 73
110 2 50 47
90 4 44 50 50 82
35 4 63 102 90 66
50 2 110 44
6 2 105 90
44 3 56 110 47
30 4 72 2 110 50
47 2 78 45
40 2 9 65
98 3 16 50 50
74 2 15 55
63 3 97 14 78
98 1 51
9 4 49 109 98 90
12 1 15
42 4 4 90 50 50
47 2 51 110
59 3 36 32 82
51 1 45
32 3 59 16 47
23 1 29
95 2 40 22
94 2 57 82
14 1 63
57 3 35 94 45
90 0
5 4 111 90 110 45
47 0
2 3 30 90 110
38 4 76 106 16 56
110 0
76 2 18 53
1 2 20 21
17 4 29 84 56 50
78 2 56 51
71 4 1 93 82 45
81 2 72 110
105 4 3 6 50 44
98 1 82
51 3 44 45 82
67 2 10 98
107 4 27 16 66 90
44 0
66 3 110 90 50
3 3 34 88 45
58 5 91 68 78 51 98
50 3 50 90 16
47 0
45 1 56
83 4 31 45 90 78
110 1 50
111 4 43 5 16 82
102 3 35 47 50
87 2 69 66
92 3 58 25 50
47 1 45
110 4 44 78 82 82
101 6 30 104 82 82 51 98
50 0
66 0
98 2 66 82
80 5 27 108 78 56 78
19 2 11 51
49 4 33 62 78 50
62 2 49 110
109 3 9 56 98
5 200
6 12 1 8 15
13 1 1
7 2 11 8
9 3 3 13 5
11 2 10 6
13 0
4 1 3
10 1 7
6 4 8 2 8 13
11 1 12
3 3 5 5 14
10 1 12
11 1 12
7 1 10
7 0
4 0
11 1 13
10 0
15 2 1 9
7 2 8 6
4 2 12 13
1 4 5 14 3 10
15 2 1 4
14 0
3 0
4 1 13
12 1 12
15 0
10 1 12
13 2 9 15
12 0
1 0
10 1 9
3 1 7
1 2 7 13
13 2 15 14
7 1 9
4 0
14 0
12 0
14 0
2 0
7 2 15 10
1 1 5
15 1 12
5 2 2 1
5 2 15 4
11 2 13 15
14 2 11 1
11 0
9 1 8
3 0
12 1 6
1 3 8 11 10
8 0
14 0
4 0
4 2 15 5
5 2 13 3
6 3 1 6 14
1 1 1
8 1 11
13 3 6 9 3
3 1 3
2 3 12 7 5
13 1 1
7 2 12 10
8 0
9 1 3
12 3 9 3 7
5 0
7 2 8 6
13 2 7 14
3 1 11
15 0
5 2 15 4
7 4 6 1 7 14
11 2 5 8
15 1 7
6 2 4 8
6 1 15
15 1 3
15 1 6
2 3 11 11 12
15 0
7 0
7 3 3 14 2
11 1 14
2 4 11 12 12 11
3 4 5 7 2 5
1 2 3 12
10 1 3
2 4 2 4 14 7
13 4 1 8 9 8
12 2 6 3
3 0
2 2 1 7
10 2 13 6
3 0
10 1 13
6 1 14
14 0
9 1 8
11 2 11 12
1 2 7 11
15 1 13
15 2 6 10
14 2 3 4
10 2 5 4
6 0
4 0
7 1 3
5 2 14 9
3 2 15 2
1 1 7
5 2 10 9
1 4 13 9 9 14
14 1 1
15 2 4 4
3 2 14 15
9 2 11 9
7 1 14
12 1 13
10 2 6 10
11 3 15 9 6
15 4 4 7 7 8
5 1 1
4 2 9 13
9 1 6
7 0
6 3 10 11 6
6 0
12 2 15 9
14 1 15
1 0
12 2 4 11
13 1 6
15 0
10 1 5
14 1 13
5 2 4 15
6 1 9
12 1 10
2 2 7 14
15 2 9 2
12 0
6 2 2 1
1 1 13
11 1 7
12 1 5
3 3 10 13 12
4 4 12 7 6 1
10 0
14 0
5 1 10
5 2 6 13
5 1 13
9 0
15 1 11
5 1 3
7 2 6 13
5 0
10 3 8 7 3
10 0
3 2 13 2
3 4 6 3 8 9
6 1 8
7 1 13
9 2 3 10
8 3 5 4 8
12 2 3 14
14 1 14
13 1 9
9 1 1
7 1 1
4 2 13 9
5 0
4 0
4 2 5 7
7 1 11
15 5 5 12 13 11 7
6 1 13
2 1 15
1 1 7
11 0
7 1 13
12 1 15
7 0
7 1 10
11 1 13
11 4 15 3 2 10
6 2 12 12
1 0
6 4 9 12 10 4
15 3 10 9 3
10 3 14 7 9
15 1 12
13 4 2 7 15 12
9 1 6
8 1 2
5 2 9 10
58 200
1 1 12 21 12 4 6 22 18 14 14 6 24 15 29 12 18 10 21 8 30 10 21 28 9 13 16 28 7 23 2 7 23 13 25 1 14 30 22 31 11 2 6 1 16 1 10 3 10 28 10 8 6 28 2 12 8 17
8 3 6 11 11
14 3 9 28 29
8 1 27
9 2 12 1
20 0
29 1 11
19 0
11 1 30
29 3 22 23 8
31 3 21 4 12
8 3 12 29 21
18 1 25
30 2 14 6
16 4 29 14 15 16
19 3 16 3 11
2 2 11 25
16 1 30
4 3 13 3 25
31 1 16
25 1 5
4 0
9 3 13 4 13
21 1 4
13 1 30
14 1 27
24 1 23
8 5 30 7 7 6 4
14 0
5 1 6
15 0
30 1 14
10 1 23
28 1 3
5 1 28
17 2 16 29
14 1 26
2 1 8
4 4 13 8 23 28
24 3 15 8 21
28 1 13
3 2 26 14
29 3 18 6 8
14 0
31 1 4
13 1 6
2 1 18
30 3 23 16 13
28 0
3 2 26 2
30 2 10 25
19 2 25 29
6 2 31 4
5 3 14 3 7
8 0
16 1 31
19 4 6 20 26 10
30 1 4
23 2 29 28
1 0
3 3 15 31 1
6 3 21 23 19
28 1 31
10 0
31 3 17 21 15
30 3 31 11 13
26 0
11 7 31 20 24 17 17 18 24
29 1 8
28 1 1
2 2 21 19
26 1 12
28 3 18 30 5
30 2 26 18
8 0
27 0
10 5 7 17 7 12 30
7 0
26 3 7 29 29
6 0
7 2 26 13
24 2 8 2
23 3 7 21 2
12 2 29 26
28 3 1 1 15
28 3 28 18 29
26 1 7
13 2 28 13
26 1 14
17 2 3 19
11 2 24 29
26 4 28 27 6 18
21 2 11 1
6 1 10
5 0
18 4 13 5 30 3
4 0
30 1 13
29 4 28 4 22 29
2 0
26 2 19 20
30 2 25 5
25 0
23 1 28
26 3 10 17 27
1 3 16 20 5
16 0
4 0
6 2 11 16
8 2 8 3
8 1 13
12 1 27
29 1 27
30 4 11 25 2 14
22 2 25 4
24 1 1
26 3 2 29 21
16 4 9 15 16 22
5 2 1 23
21 1 19
1 0
14 2 17 25
15 1 12
19 3 14 20 8
19 2 3 14
19 1 23
6 1 16
20 0
16 1 15
1 5 10 10 23 19 30
19 4 28 31 22 8
8 0
30 2 29 10
12 4 28 7 27 25
30 0
22 2 11 20
11 3 6 17 5
13 1 18
26 4 5 27 7 21
16 1 16
20 1 4
2 1 11
25 0
18 1 1
29 2 8 8
15 1 30
8 2 22 8
23 4 16 6 3 1
30 1 25
12 2 26 6
10 2 29 12
29 1 19
23 4 6 5 9 13
23 3 16 13 2
14 1 4
8 1 23
8 3 9 24 11
17 4 31 23 26 3
28 3 21 12 23
23 0
17 1 1
15 2 19 26
31 0
13 2 19 21
25 0
27 1 26
4 2 15 30
4 1 18
8 1 4
29 2 4 14
19 2 20 5
26 0
28 4 19 21 28 9
10 2 12 21
10 4 11 8 11 20
25 0
25 1 16
17 1 12
14 1 1
21 2 3 26
26 0
22 2 5 8
16 4 31 18 7 15
18 3 28 26 13
11 0
30 3 6 8 4
23 1 2
18 0
13 0
19 2 6 1
8 1 25
30 1 15
1 1 5
5 3 11 28 22
11 0
23 3 16 15 30
31 1 2
12 1 10
26 0
6 4 10 3 10 9
7 0
1 200
106
154 4 161 184 68 5
107 1 154
176 2 49 107
164 1 176
178 2 74 164
16 1 178
162 3 55 16 79
79 1 162
109 3 104 67 79
86 1 109
111 3 123 6 86
168 2 156 111
110 2 108 168
103 2 188 110
184 1 103
155 2 93 184
1 1 155
147 1 1
127 2 185 147
3 1 127
191 2 70 3
141 1 191
173 2 5 141
26 2 143 173
131 1 26
77 1 131
135 1 77
195 4 101 3 121 135
144 1 195
81 1 144
183 1 81
148 3 96 183 96
10 1 148
192 1 10
138 2 7 192
53 2 33 138
69 1 53
45 4 169 17 69 174
179 1 45
156 2 132 179
169 1 156
44 3 80 140 169
197 2 24 44
186 2 16 197
166 2 116 186
61 3 62 166 168
74 1 61
96 3 187 74 110
132 3 166 96 174
52 3 165 132 125
99 2 132 52
97 3 123 5 99
75 2 56 97
8 2 139 75
67 2 1 8
4 1 67
29 2 66 4
170 1 29
64 3 157 170 82
113 2 107 64
150 2 187 113
83 3 78 43 150
70 1 83
112 3 50 70 79
25 2 61 112
30 4 181 25 148 1
82 3 176 24 30
32 1 82
31 3 188 25 32
142 3 104 31 6
194 1 142
93 2 55 194
115 1 93
122 1 115
57 1 122
98 2 126 57
136 3 48 85 98
73 2 127 136
89 3 171 73 180
15 2 76 89
42 2 45 15
160 2 169 42
102 2 128 160
49 1 102
126 3 35 49 16
189 3 93 95 126
20 2 27 189
101 1 20
175 1 101
63 2 181 175
152 3 87 63 22
51 2 53 152
100 1 51
119 1 100
185 3 56 109 119
76 2 29 185
167 3 85 76 48
27 3 151 158 167
21 1 27
71 2 160 21
33 2 17 71
163 1 33
92 4 123 3 87 163
182 2 53 92
174 1 182
153 2 92 174
140 1 153
177 2 172 140
158 3 135 158 177
137 2 37 158
54 3 140 2 137
19 1 54
146 3 72 34 19
85 2 47 146
11 2 103 85
90 1 11
196 2 6 90
80 2 66 196
128 1 80
124 2 178 128
117 1 124
159 3 15 21 117
47 2 183 159
23 3 162 70 47
55 4 88 64 199 23
171 2 98 55
46 1 171
14 1 46
9 3 127 136 14
48 2 87 9
149 2 33 48
41 2 3 149
143 1 41
13 2 161 143
104 2 131 13
165 3 56 104 200
62 3 142 165 82
5 1 62
118 1 5
12 3 191 57 118
22 2 171 12
18 1 22
190 1 18
39 2 48 190
151 1 39
28 3 96 151 113
37 2 164 28
59 5 104 102 5 37 133
17 3 121 59 141
121 2 196 17
6 1 121
105 2 74 6
72 4 176 105 189 25
66 1 72
91 2 39 66
123 2 116 91
120 4 50 123 1 156
56 1 120
60 2 80 56
40 3 99 6 60
114 4 25 198 40 15
94 3 25 129 114
133 4 149 101 94 121
187 2 125 133
34 1 187
88 2 92 34
188 2 55 88
181 3 112 188 24
68 1 181
7 3 62 53 68
200 2 117 7
139 2 126 200
2 2 191 139
116 1 2
198 1 116
87 2 163 198
43 2 175 87
134 2 101 43
95 1 134
180 1 95
193 1 180
24 4 136 183 68 193
125 2 71 24
50 2 81 125
145 1 50
84 1 145
38 2 164 84
157 2 148 38
172 1 157
130 1 172
78 2 85 130
108 2 7 78
129 3 194 119 108
199 1 129
35 2 185 199
161 2 35 35
36 3 105 191 161
58 1 36
65 2 198 58
106 2 106 65
8 50
7 12 12 11 3 1 8 3
10 3 2 7 1
10 1 15
2 2 2 1
6 1 11
6 3 15 15 2
5 3 2 3 5
4 1 5
1 2 14 8
14 1 1
5 4 10 10 11 12
13 1 12
3 1 1
1 1 10
8 4 7 6 12 11
5 2 13 10
4 2 4 2
6 7 4 8 4 9 10 13 5
1 1 13
4 3 2 2 3
1 1 13
8 1 15
1 0
3 3 2 2 8
14 3 13 5 4
5 0
15 2 14 15
2 3 10 2 5
14 2 3 9
7 3 2 14 14
9 2 13 13
1 0
8 3 8 11 2
10 3 10 9 12
9 3 11 8 2
13 3 8 13 13
7 2 6 5
14 1 2
8 2 15 9
15 2 11 13
12 6 4 9 15 14 9 14
12 3 1 15 9
12 1 4
6 1 2
5 1 8
12 2 6 13
10 5 7 9 8 4 10
8 3 14 2 5
2 2 11 8
10 1 9
4 5 1 1 7 7 3
18 127
16 17 15 20 23 1 22 28 9 1 18 22 8 2 13 24 28 13
13 6 13 2 22 5 25 27
5 4 11 7 10 3
11 5 4 27 20 14 21
22 2 23 7
24 2 4 19
17 5 6 31 2 18 23
5 3 17 6 4
7 2 9 4
8 7 12 30 12 11 9 28 31
11 6 1 30 5 4 3 20
4 3 27 2 29
6 5 30 24 11 9 22
6 1 22
18 2 8 30
22 3 24 7 28
18 3 26 21 4
6 2 14 1
11 0
18 2 9 30
25 4 24 19 15 14
8 0
24 2 8 22
25 0
25 3 13 22 31
12 6 21 24 21 8 17 18
31 7 7 11 1 4 4 22 1
25 2 28 19
24 2 14 30
23 4 25 14 19 25
21 2 3 27
4 2 7 11
5 0
23 4 4 12 28 4
14 2 16 29
24 1 1
13 3 3 16 9
28 4 19 22 5 22
29 5 18 21 7 28 21
18 4 25 19 17 3
4 3 23 28 23
8 2 14 28
19 3 22 23 27
9 8 28 19 31 15 25 3 27 26
11 3 22 19 30
5 4 19 31 27 24
28 2 29 3
26 1 18
9 2 28 31
7 4 25 19 2 31
10 3 8 28 14
2 1 21
14 1 24
3 3 28 8 27
25 3 7 8 16
6 2 5 15
14 4 30 3 22 7
24 3 8 7 18
30 5 5 28 18 15 12
5 1 9
13 5 3 5 12 29 7
17 6 20 17 3 9 4 23
6 3 15 13 24
17 1 5
6 1 23
17 5 14 24 18 14 28
8 2 27 7
19 4 9 23 13 6
13 4 31 4 8 6
5 4 15 9 27 24
5 1 10
14 4 21 18 19 24
10 1 15
23 0
20 4 24 22 5 18
19 6 7 2 11 6 28 31
26 3 17 27 12
16 2 27 4
13 3 13 3 24
3 4 12 21 25 13
20 3 26 17 31
23 3 17 10 4
4 5 15 13 29 8 30
1 2 21 16
23 3 19 13 10
26 2 1 25
6 3 23 3 29
3 3 22 10 13
18 3 1 25 24
4 3 29 9 2
7 5 14 15 29 9 16
31 4 19 9 30 6
18 1 16
10 3 17 2 11
14 3 22 2 6
23 5 25 1 26 28 22
26 3 28 11 30
21 3 10 9 3
10 2 19 2
7 4 5 26 17 31
23 1 15
12 3 28 28 14
20 3 28 6 29
2 0
4 4 24 21 27 10
6 3 6 23 24
20 2 29 31
29 4 6 24 24 20
21 2 27 26
30 4 30 3 30 21
29 2 17 11
8 2 22 9
21 4 21 16 2 4
30 2 12 23
8 5 18 26 17 7 28
12 1 22
25 1 31
11 1 3
15 1 2
9 1 31
12 7 29 4 22 28 17 8 9
19 7 22 12 14 21 3 14 12
6 1 23
29 4 2 29 5 7
29 3 12 8 11
20 3 15 8 4
20 4 31 4 29 25
23 3 24 19 15
3 30
5 1 3
1 0
6 1 6
3 1 5
3 1 6
4 2 1 4
5 2 5 6
5 2 4 2
2 1 2
4 1 5
2 0
6 4 5 6 3 2
4 0
2 1 1
5 0
6 2 1 4
4 4 1 3 3 3
5 3 4 4 3
6 0
6 2 2 1
5 0
5 1 5
3 3 5 1 5
5 0
3 4 5 3 2 6
6 1 1
6 4 5 4 3 1
2 2 6 6
3 1 6
6 1 2
1 3 2 2 2
9 20
3 16 48 11 27 31 21 31 9
35 8 3 34 21 30 15 7 23 35
25 7 34 34 10 7 10 32 14
41 4 31 50 10 24
13 7 21 43 12 15 8 43 13
8 8 46 12 10 23 34 45 29 23
27 5 50 49 21 6 11
31 10 47 26 20 36 6 8 44 19 9 33
50 5 25 21 34 28 12
43 5 49 26 36 24 20
23 8 17 21 46 1 6 44 6 40
12 6 23 50 36 28 12 16
16 4 44 25 7 7
20 4 28 11 26 1
14 2 42 29
43 8 9 48 7 41 46 31 41 30
35 4 6 22 4 7
22 8 3 15 35 9 31 34 44 21
23 4 6 22 38 5
6 4 33 48 10 36
13 4 14 39 7 17
